10% test data
Accuracy: 0.9625
F1 Score: 0.962962962962963
Precision: 0.9590163934426229
Recall: 0.9669421487603306
AUC: 0.9624626710188209

30% test data
Accuracy: 0.9652777777777778
F1 Score: 0.9667110519307589
Precision: 0.952755905511811
Recall: 0.981081081081081
AUC: 0.964826254826255